Uniformity	Uniformity2	Cosine	Jaccard	MongeElkan	Uniformity	Uniformity2	Cosine	Jaccard	MongeElkan	Uniformity	Uniformity2	Cosine	Jaccard	MongeElkan	Uniformity	Uniformity2	Cosine	Jaccard	MongeElkan
91.43	91.43	91.43	91.43	92.44	86.2069	86.2069	91.1327	89.9425	96.5227	84.62	84.62	84.62	84.62	96.46	33.3333	33.3333	37.1269	35.9259	68.9937
91.43	91.43	91.43	91.43	91.43	63.7931	63.7931	69.7986	68.3908	81.3481	100.00	100.00	100.00	100.00	100.00	0	0	0	0	51.7774
91.43	91.43	91.43	91.43	91.43	75.8621	75.8621	80.3755	79.023	91.6613	100.00	100.00	100.00	100.00	100.00	0	0	0	0	36.2608
91.43	91.43	91.43	91.43	92.86	93.75	93.75	96.8399	96.1806	99.1663	100.00	100.00	100.00	100.00	100.00	0	0	0	0	36.9199
91.43	91.43	91.43	91.43	91.43	68.75	68.75	75.8205	73.9583	83.7244	100.00	100.00	100.00	100.00	100.00	0	0	0	0	53.1884
91.43	91.43	91.43	91.43	91.43	81.25	81.25	86.5177	84.7222	95.4514	32.35	35.29	35.29	35.29	78.80	0	0	0	0	44.1831
91.43	91.43	91.43	91.43	92.86	86.9565	86.9565	95.579	93.4783	98.6929	70.59	70.59	70.59	70.59	93.22	0	0	0	0	46.9395
91.43	91.43	91.43	91.43	91.43	86.9565	86.9565	95.579	93.4783	98.6929	32.35	35.29	49.85	45.59	79.85	4.4444	4.4444	6.0158	5.5556	53.6206
91.43	91.43	91.43	91.43	91.43	86.9565	86.9565	95.1906	92.7536	97.8948	38.24	41.18	53.06	48.04	81.01	0	0	0	0	40.9552
91.43	91.43	91.43	91.43	92.86	91.4286	91.4286	95.0985	93.8095	98.3517	35.29	35.29	41.53	39.71	79.86	0	0	0	0	39.2249
91.43	91.43	91.43	91.43	91.43	91.4286	91.4286	97.1188	95.2381	98.9975	37.84	43.24	43.24	43.24	78.11	0	0	0	0	54.9709
91.43	91.43	91.43	91.43	92.86	77.1429	77.1429	85.0504	82.8571	89.0925	70.27	78.38	78.38	78.38	92.88	0	0	0	0	53.2131
91.43	91.43	91.43	91.43	91.43						37.84	43.24	43.24	43.24	78.30	4.4444	4.4444	6.0158	5.5556	55.2875
93.75	93.75	98.17	96.88	98.17						45.95	51.35	51.35	51.35	81.17	4.4444	4.4444	6.0158	5.5556	49.3883
93.75	93.75	98.17	96.88	98.17						56.76	59.46	69.02	66.22	85.43	4.4444	4.4444	6.0158	5.5556	60.7629
93.75	93.75	98.17	96.88	98.17						66.67	70.83	70.83	70.83	91.34	0	0	0	0	37.2721
93.75	93.75	98.17	96.88	98.17						58.33	62.50	65.45	64.58	89.77	6.6667	6.6667	8.238	7.7778	47.4236
93.75	93.75	98.17	96.88	98.17						66.67	70.83	70.83	70.83	91.34	0	0	0	0	39.7245
93.75	93.75	98.17	96.88	98.17						70.83	75.00	78.40	77.78	94.04	0	0	0	0	34.5471
93.75	93.75	98.17	96.88	98.17						66.67	70.83	70.83	70.83	91.34	81.8182	81.8182	88.2464	86.3636	95.8669
93.75	93.75	98.17	96.88	98.17						76.92	80.77	80.77	80.77	92.69	0	0	0	0	51.7703
93.75	93.75	98.17	96.88	98.17						69.23	73.08	75.30	74.36	92.00	0	0	0	0	34.0609
93.75	93.75	98.17	96.88	98.17						80.77	84.62	84.62	84.62	94.14	0	0	0	0	34.1522
93.75	93.75	98.17	96.88	98.17						80.77	84.62	87.76	87.18	95.14	0	0	0	0	55.3421
93.75	93.75	98.17	96.88	98.17						76.92	80.77	80.77	80.77	92.69	0	0	0	0	56.8434
93.75	93.75	98.17	96.88	98.17						48.57	54.29	55.71	55.24	80.00	0	0	0	0	57.497
92.31	92.31	92.31	92.31	92.31						45.71	48.57	50.59	50.00	78.85	0	0	0	0	51.5467
92.31	92.31	92.31	92.31	92.31						62.86	65.71	78.14	73.76	85.74	0	0	0	0	38.1242
92.31	92.31	92.31	92.31	92.31						48.57	54.29	55.71	55.24	80.00	0	0	0	0	35.6569
92.31	92.31	92.31	92.31	92.31						48.57	54.29	55.71	55.24	80.00	0	0	0	0	53.8898
92.31	92.31	92.31	92.31	92.31											0	0	0	0	51.0508
92.31	92.31	92.31	92.31	92.31											18.1818	18.1818	18.1818	18.1818	56.0168
92.31	92.31	92.31	92.31	92.31											18.1818	18.1818	18.1818	18.1818	57.8843
92.31	92.31	96.92	95.60	98.69											0	0	0	0	58.3568
92.31	92.31	92.31	92.31	92.31											0	0	0	0	35.6689
92.31	92.31	92.31	92.31	92.31											27.2727	27.2727	27.2727	27.2727	60.048
92.31	92.31	92.31	92.31	94.58											0	0	0	0	38.7239
92.31	92.31	92.31	92.31	92.31											0	0	0	0	34.1785
92.31	92.31	92.31	92.31	95.25											0	0	0	0	46.9343
95.83	100.00	100.00	100.00	100.00											0	0	0	0	45.7705
95.83	100.00	100.00	100.00	100.00											60	70	70	70	88.047
95.83	100.00	100.00	100.00	100.00											40	40	40	40	66.0556
100.00	100.00	100.00	100.00	100.00											50	70	76.6667	75	94.7045
95.83	100.00	100.00	100.00	100.00											10	10	10	10	58.9317
100.00	100.00	100.00	100.00	100.00											0	0	0	0	56.4957
95.83	100.00	100.00	100.00	100.00											50	70	76.6667	75	94.7045
95.83	100.00	100.00	100.00	100.00											50	50	56.6667	54	78.8109
100.00	100.00	100.00	100.00	100.00											10	10	10	10	51.2517
95.83	100.00	100.00	100.00	100.00											0	0	0	0	59.0347
95.83	100.00	100.00	100.00	100.00											0	0	0	0	48.5727
95.83	100.00	100.00	100.00	100.00											0	0	4.0825	2.5	61.5389
95.83	100.00	100.00	100.00	100.00											0	0	0	0	47.6494
61.54	92.31	92.31	92.31	94.23											0	0	6.6667	4	60.3934
61.54	92.31	95.03	94.23	95.03											10	10	10	10	54.3333
61.54	92.31	92.31	92.31	92.31											10	10	10	10	54.3333
65.38	92.31	92.31	92.31	92.31											10	10	10	10	54.4456
61.54	92.31	92.31	92.31	92.31											10	10	10	10	56
69.23	92.31	92.31	92.31	92.31											0	0	0	0	45.8266
65.38	96.15	96.15	96.15	96.15											0	0	0	0	41.6576
61.54	92.31	92.31	92.31	92.31											55.5556	66.6667	66.6667	66.6667	82.0287
96.15	96.15	96.15	96.15	96.15											55.5556	77.7778	77.7778	77.7778	84.127
69.23	100.00	100.00	100.00	100.00											44.4444	44.4444	44.4444	44.4444	80.4702
69.23	92.31	92.31	92.31	92.31											44.4444	55.5556	55.5556	55.5556	77.7778
69.23	100.00	100.00	100.00	100.00											0	0	0	0	50.4372
61.54	92.31	92.31	92.31	92.31											33.3333	33.3333	33.3333	33.3333	73.478
94.12	94.12	94.12	94.12	100.00											66.6667	77.7778	77.7778	77.7778	85.827
94.12	94.12	94.12	94.12	100.00											44.4444	55.5556	55.5556	55.5556	73.0488
94.12	94.12	94.12	94.12	100.00											0	0	0	0	52.1926
94.12	94.12	94.12	94.12	100.00											0	0	0	0	43.4747
94.12	94.12	94.12	94.12	100.00											0	0	0	0	53.4796
94.12	94.12	94.12	94.12	100.00											0	0	0	0	41.7148
94.12	94.12	94.12	94.12	100.00											0	0	0	0	51.5729
94.12	94.12	94.12	94.12	100.00											11.1111	22.2222	22.2222	22.2222	54.1005
94.12	94.12	94.12	94.12	100.00											11.1111	22.2222	22.2222	22.2222	54.1005
94.12	94.12	94.12	94.12	100.00											11.1111	22.2222	22.2222	22.2222	54.1005
94.12	94.12	94.12	94.12	100.00											11.1111	22.2222	22.2222	22.2222	55.0265
94.12	94.12	94.12	94.12	100.00											0	0	0	0	40.7304
94.12	94.12	94.12	94.12	100.00											0	0	0	0	35.4135
95.00	100.00	100.00	100.00	100.00											18.1818	18.1818	18.1818	18.1818	57.1328
95.00	100.00	100.00	100.00	100.00											36.3636	45.4545	45.4545	45.4545	69.2641
95.00	100.00	100.00	100.00	100.00											18.1818	18.1818	18.1818	18.1818	62.0986
97.50	100.00	100.00	100.00	100.00											36.3636	54.5455	54.5455	54.5455	78.1818
100.00	100.00	100.00	100.00	100.00											9.0909	18.1818	18.1818	18.1818	63.9303
95.00	100.00	100.00	100.00	100.00											18.1818	18.1818	18.1818	18.1818	60.0881
95.00	100.00	100.00	100.00	100.00											36.3636	45.4545	45.4545	45.4545	75.2245
95.00	100.00	100.00	100.00	100.00											27.2727	36.3636	36.3636	36.3636	69.071
100.00	100.00	100.00	100.00	100.00											0	0	5.2486	3.0303	57.9369
95.00	100.00	100.00	100.00	100.00											0	0	0	0	48.9317
95.00	100.00	100.00	100.00	100.00											0	0	0	0	44.141
95.00	100.00	100.00	100.00	100.00											0	0	0	0	43.916
95.00	100.00	100.00	100.00	100.00											0	0	0	0	48.8428
94.12	94.12	94.12	94.12	97.06											18.1818	18.1818	18.1818	18.1818	51.2338
94.12	94.12	98.28	97.06	98.28											9.0909	9.0909	9.0909	9.0909	45.9091
94.12	94.12	94.12	94.12	94.12											18.1818	18.1818	18.1818	18.1818	51.6667
94.12	94.12	94.12	94.12	94.12											9.0909	9.0909	9.0909	9.0909	44.4697
100.00	100.00	100.00	100.00	100.00											0	0	0	0	45.1868
94.12	94.12	94.12	94.12	94.12											0	0	0	0	39.8299
94.12	94.12	94.12	94.12	94.12											27.2727	36.3636	46.4898	42.7273	80.4691
94.12	94.12	94.12	94.12	94.12											27.2727	27.2727	31.3383	29.0909	64.283
94.12	94.12	94.12	94.12	94.12											18.1818	18.1818	18.1818	18.1818	57.1851
100.00	100.00	100.00	100.00	100.00											9.0909	9.0909	9.0909	9.0909	59.4341
94.12	94.12	94.12	94.12	94.12											0	0	0	0	55.8154
100.00	100.00	100.00	100.00	100.00											27.2727	45.4545	49.5201	47.2727	81.2267
94.12	94.12	94.12	94.12	94.12											27.2727	27.2727	33.3333	30.9091	69.2309
94.12	94.12	94.12	94.12	94.12											9.0909	9.0909	9.0909	9.0909	53.4021
94.12	94.12	94.12	94.12	94.12											0	0	0	0	57.3259
94.12	94.12	97.65	96.64	99.18											0	0	0	0	50.9012
94.12	94.12	94.12	94.12	94.12											0	0	6.9255	4.0909	51.832
94.12	94.12	94.12	94.12	94.12											0	0	4.5455	3.0303	48.1519
94.12	94.12	94.12	94.12	94.12											0	0	6.0606	3.6364	63.8479
94.12	94.12	94.12	94.12	94.12											0	0	0	0	44.3198
94.12	94.12	94.12	94.12	94.12											0	0	0	0	44.7154
94.12	94.12	94.12	94.12	94.12											0	0	0	0	44.7241
94.12	94.12	94.12	94.12	94.12											0	0	0	0	44.3198
94.12	94.12	94.12	94.12	95.98											0	0	0	0	49.675
94.12	94.12	94.12	94.12	94.12											0	0	0	0	41.8526
94.12	94.12	94.12	94.12	96.44											7.1429	7.1429	7.1429	7.1429	50.2778
47.06	94.12	94.12	94.12	94.12											28.5714	28.5714	28.5714	28.5714	50.6803
47.06	94.12	94.12	94.12	94.12											28.5714	42.8571	42.8571	42.8571	61.1607
47.06	94.12	94.12	94.12	94.12											7.1429	7.1429	7.1429	7.1429	54.7972
52.94	94.12	94.12	94.12	94.12											57.1429	71.4286	71.4286	71.4286	84.7754
100.00	100.00	100.00	100.00	100.00											0	0	0	0	50.6308
47.06	94.12	94.12	94.12	94.12											28.5714	28.5714	28.5714	28.5714	60.2641
58.82	94.12	94.12	94.12	94.12											28.5714	28.5714	28.5714	28.5714	60.147
47.06	94.12	94.12	94.12	94.12											0	0	0	0	52.1043
47.06	94.12	94.12	94.12	94.12											0	0	0	0	50.3981
52.94	100.00	100.00	100.00	100.00											0	0	5.0508	3.5714	59.679
58.82	94.12	94.12	94.12	94.12											0	0	5.0508	3.5714	57.0691
52.94	100.00	100.00	100.00	100.00											0	0	0	0	55.6502
47.06	94.12	94.12	94.12	94.12											7.1429	7.1429	7.1429	7.1429	43.9456
92.31	92.31	92.31	92.31	94.23											14.2857	14.2857	14.2857	14.2857	45.3571
92.31	92.31	95.03	94.23	95.03											7.1429	7.1429	7.1429	7.1429	38.6905
92.31	92.31	92.31	92.31	92.31											7.1429	7.1429	7.1429	7.1429	39.5833
92.31	92.31	92.31	92.31	92.31											0	0	0	0	45.009
100.00	100.00	100.00	100.00	100.00											0	0	0	0	32.9117
92.31	92.31	92.31	92.31	92.31											0	0	0	0	43.3416
92.31	92.31	92.31	92.31	92.31											0	0	0	0	28.2069
96.15	96.15	96.15	96.15	96.15											8.6957	13.0435	13.0435	13.0435	40.0696
92.31	92.31	92.31	92.31	92.31											0	0	0	0	44.7015
96.15	96.15	96.15	96.15	96.15											47.8261	60.8696	60.8696	60.8696	74.2205
92.31	92.31	92.31	92.31	92.31											0	0	0	0	58.8791
100.00	100.00	100.00	100.00	100.00											0	0	0.8875	0.4348	39.9459
92.31	92.31	92.31	92.31	92.31											0	0	0.8875	0.4348	38.9102
75.00	87.50	87.50	87.50	87.50											0	0	0.6875	0.3623	46.2716
75.00	87.50	87.50	87.50	87.50											0	0	0	0	44.4128
75.00	87.50	87.50	87.50	90.90											0	0	6.1488	4.3478	51.2461
75.00	87.50	87.50	87.50	87.50											0	0	10.1106	6.9565	54.0383
87.50	87.50	87.50	87.50	87.50											0	0	1.087	0.4831	50.4349
75.00	87.50	87.50	87.50	87.50											0	0	0	0	34.1405
75.00	87.50	87.50	87.50	87.50											0	8.6957	8.6957	8.6957	38.476
75.00	87.50	87.50	87.50	87.50											0	0	0	0	31.3944
75.00	87.50	87.50	87.50	90.65											0	0	0	0	32.945
87.50	87.50	87.50	87.50	87.50											6.0606	12.1212	12.1212	12.1212	44.4885
75.00	87.50	87.50	87.50	87.50											0	0	0	0	31.5465
75.00	87.50	87.50	87.50	87.50											39.3939	45.4545	51.7602	50	75.5671
75.00	87.50	87.50	87.50	88.60											36.3636	39.3939	43.6794	42.4242	63.4373
92.31	92.31	92.31	92.31	94.23											27.2727	30.303	34.5885	33.3333	59.2689
92.31	92.31	95.03	94.23	95.03											39.3939	48.4848	52.7703	51.5152	76.0938
92.31	92.31	92.31	92.31	92.31											0	0	0	0	44.5479
92.31	92.31	92.31	92.31	92.31											0	0	0	0	54.5017
100.00	100.00	100.00	100.00	100.00											24.2424	30.303	36.6087	34.5455	60.5588
92.31	92.31	92.31	92.31	92.31											0	0	0	0	39.98
92.31	92.31	92.31	92.31	92.31											0	0	1.7495	1.0101	48.2562
96.15	96.15	96.15	96.15	96.15											0	0	0	0	38.3385
92.31	92.31	92.31	92.31	92.31											0	0	1.2371	0.7576	45.4031
96.15	96.15	96.15	96.15	96.15											0	0	0	0	40.2812
100.00	100.00	100.00	100.00	100.00											12.1212	12.1212	14.1414	13.3333	53.0025
92.31	92.31	92.31	92.31	92.31											3.0303	3.0303	3.0303	3.0303	42.3355
92.31	92.31	92.31	92.31	92.31											0	0	0	0	40.4416
94.12	94.12	98.28	97.06	98.28											3.0303	3.0303	3.0303	3.0303	42.3695
94.12	94.12	98.28	97.06	98.28											0	0	0	0	41.3254
94.12	94.12	98.28	97.06	98.28											0	0	0	0	51.9491
94.12	94.12	98.28	97.06	98.28											0	0	0	0	38.2588
94.12	94.12	98.28	97.06	98.28											28.5714	28.5714	30.9524	30	64.9707
94.12	94.12	98.28	97.06	98.28											42.8571	50	50	50	69.1023
94.12	94.12	98.28	97.06	98.28											35.7143	50	50	50	71.8943
94.12	94.12	98.28	97.06	98.28											21.4286	21.4286	23.8095	22.8571	67.1984
94.12	94.12	98.28	97.06	98.28											35.7143	42.8571	42.8571	42.8571	71.888
94.12	94.12	98.28	97.06	98.28											0	0	1.458	0.7143	49.7023
94.12	94.12	98.28	97.06	98.28											7.1429	14.2857	16.6667	15.7143	65.1813
94.12	94.12	98.28	97.06	98.28											64.2857	71.4286	71.4286	71.4286	85.2028
94.12	94.12	98.28	97.06	98.28											0	0	0	0	51.4706
															0	0	0	0	48.9843
															0	0	2.9161	1.7857	52.7065
															0	0	2.381	1.4286	48.6957
															0	0	0	0	57.4967
															14.2857	14.2857	14.2857	14.2857	49.2555
															14.2857	14.2857	14.2857	14.2857	48.5677
															14.2857	14.2857	14.2857	14.2857	51.8583
															14.2857	14.2857	14.2857	14.2857	48.3296
															0	0	0	0	52.0104
															0	0	0	0	39.0606
															20	20	20	20	59.5156
															50	60	60	60	72.8441
															40	60	60	60	78.9366
															10	10	10	10	62.1836
															50	60	60	60	83.6866
															0	0	2.0412	1	53.8675
															0	0	0	0	57.4908
															90	90	90	90	94.7141
															0	0	0	0	50.1506
															0	0	7.0711	5	51.4635
															0	0	0	0	51.0509
															0	0	3.3333	2	50.5912
															0	0	0	0	57.098
															20	20	20	20	51.5205
															20	20	20	20	49.2622
															20	20	20	20	54.469
															20	20	20	20	49.6797
															0	0	0	0	47.6292
															0	0	0	0	36.1131
															0	0	0	0	56.7534
															0	0	0	0	35.5401
															0	0	1.9909	1.1494	41.5627
															0	0	0	0	57.9506
															0	0	0	0	46.1734
															0	0	0.5452	0.2874	53.3957
															0	0	1.9909	1.1494	56.7447
															0	0	0	0	42.8918
															0	0	0	0	39.5605
															75.8621	79.3103	83.4728	82.1839	91.4189
															37.931	41.3793	46.1272	44.3678	71.4632
															17.2414	24.1379	32.0154	29.3103	62.4931
															48.2759	51.7241	54.1624	53.4483	80.4897
															10.3448	13.7931	17.5081	16.092	58.9699
															10.3448	13.7931	15.5172	14.9425	56.9781
															10.3448	17.2414	20.9564	19.5402	62.8202
															13.7931	13.7931	16.2314	15.5172	57.4175
															0	0	0	0	50.8465
															0	0	0	0	40.9569
															0	0	0	0	54.1408
															0	0	0	0	37.178
															0	0	0	0	42.5893
															0	0	0	0	55.0924
															0	0	0	0	47.439
															0	0	0	0	54.6586
															0	0	0	0	54.5034
															0	0	0	0	43.8154
															0	0	2.4383	1.7241	42.9889
															72.4138	75.8621	75.8621	75.8621	90.1747
															34.4828	37.931	41.021	39.6552	68.9523
															17.2414	24.1379	34.3912	30.8046	65.9865
															44.8276	48.2759	49.0469	48.7069	77.8816
															10.3448	10.3448	12.069	11.4943	55.5939
															10.3448	10.3448	12.069	11.4943	53.6849
															10.3448	13.7931	15.5172	14.9425	57.3991
															10.3448	10.3448	12.7831	12.069	54.0987
															4.3478	4.3478	4.3478	4.3478	52.5274
															4.3478	4.3478	4.3478	4.3478	41.6428
															0	0	5.325	3.2609	61.6057
															0	0	0	0	37.7614
															0	0	0	0	38.578
															0	0	6.8622	4.1304	61.3424
															0	0	3.0744	2.1739	53.9564
															0	0	3.0744	2.1739	60.8195
															0	0	5.325	3.2609	60.7279
															0	0	5.325	3.2609	44.5631
															0	0	0	0	40.6222
															34.7826	34.7826	46.0941	41.8116	69.1907
															34.7826	34.7826	45.5408	41.5217	67.2319
															43.4783	47.8261	50.9005	50	77.0249
															34.7826	34.7826	43.182	40.2174	74.085
															8.6957	8.6957	8.6957	8.6957	47.0753
															13.0435	13.0435	16.1179	15.2174	54.6573
															8.6957	8.6957	8.6957	8.6957	48.824
															8.6957	8.6957	8.6957	8.6957	48.7178
															8	8	8	8	55.1918
															8	8	8	8	47.2337
															0	0	0	0	57.3586
															0	0	0	0	38.4778
															0	0	0	0	41.036
															0	0	6.8284	4.2667	58.2376
															0	0	2.8284	2	56.0303
															0	0	6.4734	4.4	63.1774
															0	0	0	0	56.8309
															0	0	1.3333	0.8	43.6387
															0	0	1.3333	0.8	42.2305
															24	32	46.7947	41.6	70.9261
															24	32	49.5506	43.3333	70.8597
															56	60	68.4853	66	85.7711
															24	24	32.8607	29.8333	70.2142
															12	12	14	13.3333	49.5272
															20	20	24.8284	23.3333	59.3103
															12	12	16.3094	14.6667	50.8768
															12	12	14.8284	14	52.3446
															3.0303	6.0606	6.0606	6.0606	55.0017
															0	0	0	0	37.2094
															0	0	1.0101	0.6061	61.4954
															0	0	0	0	37.4242
															0	0	0	0	41.2204
															0	0	1.0101	0.6061	62.422
															0	0	0	0	47.171
															0	0	0.7576	0.3367	52.8685
															6.0606	6.0606	7.0707	6.6667	63.8921
															0	0	0	0	44.4115
															0	0	0	0	41.0374
															42.4242	48.4848	51.41	50.4329	76.075
															42.4242	48.4848	52.0876	50.8117	76.5837
															27.2727	30.303	33.2282	32.2511	66.3933
															15.1515	15.1515	22.019	19.4986	59.8072
															9.0909	9.0909	9.0909	9.0909	44.9949
															9.0909	9.0909	9.0909	9.0909	45.3061
															9.0909	12.1212	12.1212	12.1212	48.3568
															9.0909	9.0909	9.0909	9.0909	46.2785
															0	0	0	0	39.8206
															0	0	0	0	33.6391
															8.3333	8.3333	8.3333	8.3333	49.7601
															8.3333	8.3333	8.3333	8.3333	37.4696
															16.6667	16.6667	16.6667	16.6667	47.5859
															0	0	0	0	47.2543
															8.3333	8.3333	8.3333	8.3333	50.7441
															0	0	0	0	50.2445
															8.3333	8.3333	8.3333	8.3333	49.855
															8.3333	8.3333	8.3333	8.3333	39.991
															8.3333	8.3333	8.3333	8.3333	41.0184
															8.3333	16.6667	21.4779	19.4444	60.0583
															8.3333	8.3333	12.5	11.1111	55.0289
															8.3333	8.3333	8.3333	8.3333	57.4173
															8.3333	8.3333	12.5	11.1111	44.8894
															8.3333	8.3333	8.3333	8.3333	61.5832
															41.6667	50	50	50	65.4779
															41.6667	58.3333	58.3333	58.3333	73.6111
															33.3333	50	50	50	65.625
															16.6667	16.6667	16.6667	16.6667	55.4048
															16.6667	16.6667	16.6667	16.6667	48.6851
															8.3333	8.3333	8.3333	8.3333	62.8143
															8.3333	8.3333	8.3333	8.3333	41.0608
															8.3333	8.3333	8.3333	8.3333	42.5066
															0	0	0	0	60.4858
															16.6667	16.6667	16.6667	16.6667	55.4167
															0	8.3333	8.3333	8.3333	57.15
															0	0	0	0	58.9458
															8.3333	8.3333	8.3333	8.3333	44.0019
															8.3333	8.3333	8.3333	8.3333	42.3262
															16.6667	25	25	25	66.6029
															16.6667	16.6667	20.8333	19.4444	59.4531
															25	25	30.8926	29.1667	68.8465
															25	25	35.0592	31.9444	61.8103
															16.6667	16.6667	16.6667	16.6667	70.1333
															50	66.6667	66.6667	66.6667	75.9722
															50	66.6667	66.6667	66.6667	75.9722
															50	66.6667	66.6667	66.6667	76.3889
															0	0	0	0	46.2377
															0	0	0	0	38.3922
															10	10	10	10	66.3493
															10	10	10	10	42.4983
															20	20	20	20	52.257
															0	0	0	0	62.6177
															10	10	10	10	52.0833
															0	0	0	0	53.7767
															10	10	10	10	64.8622
															10	10	10	10	50.9905
															10	10	10	10	49.5488
															10	30	35.7735	33.3333	71.2933
															10	20	25	23.3333	64.4435
															10	10	10	10	57.9364
															10	10	20.7735	16.6667	58.2058
															10	20	20	20	76.9825
															50	70	77.0711	75	85.1376
															50	60	67.0711	65	76.8043
															40	60	67.0711	65	76.3876
															0	0	0	0	46.3103
															0	0	0	0	37.7983
															10	10	10	10	62.2282
															10	10	10	10	46.3325
															10	10	10	10	48.1746
															0	0	0	0	58.6333
															10	10	10	10	52.0833
															0	0	0	0	50.8376
															0	0	0	0	58.3987
															10	10	10	10	48.7861
															10	10	10	10	47.9992
															20	20	27.0711	25	66.2942
															10	10	22.0711	18.3333	62.5171
															10	10	10	10	63.2876
															10	10	22.0711	18.3333	58.1013
															10	10	10	10	72.7381
															50	70	77.0711	75	86.2377
															60	70	77.0711	75	86.2377
															50	70	77.0711	75	86.2377